10035:
1651047
811486
2112205
2070135
2148631
2212430
822400
49255
801884
1303306
2268521
929407
2172403
282064
1985000
88318
1408280
2440091
1813810
1727192
10036:
2105693
842613
2557615
2125051
397569
2636037
2063030
2159553
1531624
437680
2091752
10071
472432
215393
1324372
2619107
1904442
646572
1970420
2461533
1880905
2030429
1845130
1521902
2161
2134637
417734
1010725
1261548
2316498
2494106
1082992
2541752
1317259
42211
2214676
1554836
234405
41897
2536262
2240178
10056:
1787873
1616351
935806
559484
1124592
2622415
1036019
10057:
287967
2030226
1602132
1594434
969182
1099833
10058:
1300105
2626413
10059:
962754
1006:
1004708
762076
1403722
1902516
2406158
2435695
1513947
2611526